 0.00000000e+00  8.54766606e-01  0.00000000e+00  5.74382539e-01 
 1.00000000e-08  8.54766606e-01  1.00000000e-08  5.74382539e-01 
 2.00000000e-08  8.54766606e-01  2.00000000e-08  5.74382539e-01 
 4.00000000e-08  8.54766606e-01  4.00000000e-08  5.74382539e-01 
 8.00000000e-08  8.54766606e-01  8.00000000e-08  5.74382539e-01 
 1.60000000e-07  8.54766606e-01  1.60000000e-07  5.74382539e-01 
 3.20000000e-07  8.54766606e-01  3.20000000e-07  5.74382539e-01 
 6.40000000e-07  8.54766606e-01  6.40000000e-07  5.74382539e-01 
 1.00000000e-06  8.54766606e-01  1.00000000e-06  5.74382539e-01 
 1.00000010e-06  8.54766606e-01  1.00000010e-06  5.74382539e-01 
 1.00000030e-06  8.54766606e-01  1.00000030e-06  5.74382539e-01 
 1.00000070e-06  8.54766606e-01  1.00000070e-06  5.74382539e-01 
 1.00000100e-06  8.54766606e-01  1.00000100e-06  5.74382539e-01 
 1.00000108e-06  8.54766606e-01  1.00000108e-06  5.74382539e-01 
 1.00000124e-06  8.54766606e-01  1.00000124e-06  5.74382539e-01 
 1.00000156e-06  8.54766606e-01  1.00000156e-06  5.74382539e-01 
 1.00000220e-06  8.54766606e-01  1.00000220e-06  5.74382539e-01 
 1.00000348e-06  8.54766606e-01  1.00000348e-06  5.74382539e-01 
 1.00000604e-06  8.54766606e-01  1.00000604e-06  5.74382539e-01 
 1.00001116e-06  8.54766606e-01  1.00001116e-06  5.74382539e-01 
 1.00002140e-06  8.54766606e-01  1.00002140e-06  5.74382539e-01 
 1.00004188e-06  8.54766606e-01  1.00004188e-06  5.74382539e-01 
 1.00008284e-06  8.54766606e-01  1.00008284e-06  5.74382539e-01 
 1.00016476e-06  8.54766606e-01  1.00016476e-06  5.74382539e-01 
 1.00032860e-06  8.54766606e-01  1.00032860e-06  5.74382539e-01 
 1.00065628e-06  8.54766606e-01  1.00065628e-06  5.74382539e-01 
 1.00122137e-06  8.54766606e-01  1.00122137e-06  5.74382539e-01 
 1.00235155e-06  8.54766606e-01  1.00235155e-06  5.74382539e-01 
 1.00447603e-06  8.54766606e-01  1.00447603e-06  5.74382539e-01 
 1.00872498e-06  8.54766606e-01  1.00872498e-06  5.74382539e-01 
 1.01722289e-06  8.54766606e-01  1.01722289e-06  5.74382539e-01 
 1.03421870e-06  8.54766606e-01  1.03421870e-06  5.74382539e-01 
 1.06214411e-06  8.54766606e-01  1.06214411e-06  5.74382539e-01 
 1.11799492e-06  8.54766606e-01  1.11799492e-06  5.74382539e-01 
 1.20563923e-06  8.54766606e-01  1.20563923e-06  5.74382539e-01 
 1.34640933e-06  8.54766606e-01  1.34640933e-06  5.74382539e-01 
 1.60308100e-06  8.54766606e-01  1.60308100e-06  5.74382539e-01 
 1.83705461e-06  8.54766606e-01  1.83705461e-06  5.74382539e-01 
 2.14664651e-06  8.54766606e-01  2.14664651e-06  5.74382539e-01 
 2.76583030e-06  8.54766606e-01  2.76583030e-06  5.74382539e-01 
 3.76583030e-06  8.54766606e-01  3.76583030e-06  5.74382539e-01 
 4.76583030e-06  8.54766606e-01  4.76583030e-06  5.74382539e-01 
 5.76583030e-06  8.54766606e-01  5.76583030e-06  5.74382539e-01 
 6.76583030e-06  8.54766606e-01  6.76583030e-06  5.74382539e-01 
 7.76583030e-06  8.54766606e-01  7.76583030e-06  5.74382539e-01 
 8.76583030e-06  8.54766606e-01  8.76583030e-06  5.74382539e-01 
 9.76583030e-06  8.54766606e-01  9.76583030e-06  5.74382539e-01 
 1.07658303e-05  8.54766606e-01  1.07658303e-05  5.74382539e-01 
 1.17658303e-05  8.54766606e-01  1.17658303e-05  5.74382539e-01 
 1.27658303e-05  8.54766606e-01  1.27658303e-05  5.74382539e-01 
 1.37658303e-05  8.54766606e-01  1.37658303e-05  5.74382539e-01 
 1.47658303e-05  8.54766606e-01  1.47658303e-05  5.74382539e-01 
 1.57658303e-05  8.54766606e-01  1.57658303e-05  5.74382539e-01 
 1.67658303e-05  8.54766606e-01  1.67658303e-05  5.74382539e-01 
 1.77658303e-05  8.54766606e-01  1.77658303e-05  5.74382539e-01 
 1.87658303e-05  8.54766606e-01  1.87658303e-05  5.74382539e-01 
 1.97658303e-05  8.54766606e-01  1.97658303e-05  5.74382539e-01 
 2.07658303e-05  8.54766606e-01  2.07658303e-05  5.74382539e-01 
 2.17658303e-05  8.54766606e-01  2.17658303e-05  5.74382539e-01 
 2.27658303e-05  8.54766606e-01  2.27658303e-05  5.74382539e-01 
 2.37658303e-05  8.54766606e-01  2.37658303e-05  5.74382539e-01 
 2.47658303e-05  8.54766606e-01  2.47658303e-05  5.74382539e-01 
 2.57658303e-05  8.54766606e-01  2.57658303e-05  5.74382539e-01 
 2.67658303e-05  8.54766606e-01  2.67658303e-05  5.74382539e-01 
 2.77658303e-05  8.54766606e-01  2.77658303e-05  5.74382539e-01 
 2.87658303e-05  8.54766606e-01  2.87658303e-05  5.74382539e-01 
 2.97658303e-05  8.54766606e-01  2.97658303e-05  5.74382539e-01 
 3.07658303e-05  8.54766606e-01  3.07658303e-05  5.74382539e-01 
 3.17658303e-05  8.54766606e-01  3.17658303e-05  5.74382539e-01 
 3.27658303e-05  8.54766606e-01  3.27658303e-05  5.74382539e-01 
 3.37658303e-05  8.54766606e-01  3.37658303e-05  5.74382539e-01 
 3.47658303e-05  8.54766606e-01  3.47658303e-05  5.74382539e-01 
 3.57658303e-05  8.54766606e-01  3.57658303e-05  5.74382539e-01 
 3.67658303e-05  8.54766606e-01  3.67658303e-05  5.74382539e-01 
 3.77658303e-05  8.54766606e-01  3.77658303e-05  5.74382539e-01 
 3.87658303e-05  8.54766606e-01  3.87658303e-05  5.74382539e-01 
 3.97658303e-05  8.54766606e-01  3.97658303e-05  5.74382539e-01 
 4.07658303e-05  8.54766606e-01  4.07658303e-05  5.74382539e-01 
 4.17658303e-05  8.54766606e-01  4.17658303e-05  5.74382539e-01 
 4.27658303e-05  8.54766606e-01  4.27658303e-05  5.74382539e-01 
 4.37658303e-05  8.54766606e-01  4.37658303e-05  5.74382539e-01 
 4.47658303e-05  8.54766606e-01  4.47658303e-05  5.74382539e-01 
 4.57658303e-05  8.54766606e-01  4.57658303e-05  5.74382539e-01 
 4.67658303e-05  8.54766606e-01  4.67658303e-05  5.74382539e-01 
 4.77658303e-05  8.54766606e-01  4.77658303e-05  5.74382539e-01 
 4.87658303e-05  8.54766606e-01  4.87658303e-05  5.74382539e-01 
 4.97658303e-05  8.54766606e-01  4.97658303e-05  5.74382539e-01 
 5.07658303e-05  8.54766606e-01  5.07658303e-05  5.74382539e-01 
 5.17658303e-05  8.54766606e-01  5.17658303e-05  5.74382539e-01 
 5.27658303e-05  8.54766606e-01  5.27658303e-05  5.74382539e-01 
 5.37658303e-05  8.54766606e-01  5.37658303e-05  5.74382539e-01 
 5.47658303e-05  8.54766606e-01  5.47658303e-05  5.74382539e-01 
 5.57658303e-05  8.54766606e-01  5.57658303e-05  5.74382539e-01 
 5.67658303e-05  8.54766606e-01  5.67658303e-05  5.74382539e-01 
 5.77658303e-05  8.54766606e-01  5.77658303e-05  5.74382539e-01 
 5.87658303e-05  8.54766606e-01  5.87658303e-05  5.74382539e-01 
 5.97658303e-05  8.54766606e-01  5.97658303e-05  5.74382539e-01 
 6.07658303e-05  8.54766606e-01  6.07658303e-05  5.74382539e-01 
 6.17658303e-05  8.54766606e-01  6.17658303e-05  5.74382539e-01 
 6.27658303e-05  8.54766606e-01  6.27658303e-05  5.74382539e-01 
 6.37658303e-05  8.54766606e-01  6.37658303e-05  5.74382539e-01 
 6.47658303e-05  8.54766606e-01  6.47658303e-05  5.74382539e-01 
 6.57658303e-05  8.54766606e-01  6.57658303e-05  5.74382539e-01 
 6.67658303e-05  8.54766606e-01  6.67658303e-05  5.74382539e-01 
 6.77658303e-05  8.54766606e-01  6.77658303e-05  5.74382539e-01 
 6.87658303e-05  8.54766606e-01  6.87658303e-05  5.74382539e-01 
 6.97658303e-05  8.54766606e-01  6.97658303e-05  5.74382539e-01 
 7.07658303e-05  8.54766606e-01  7.07658303e-05  5.74382539e-01 
 7.17658303e-05  8.54766606e-01  7.17658303e-05  5.74382539e-01 
 7.27658303e-05  8.54766606e-01  7.27658303e-05  5.74382539e-01 
 7.37658303e-05  8.54766606e-01  7.37658303e-05  5.74382539e-01 
 7.47658303e-05  8.54766606e-01  7.47658303e-05  5.74382539e-01 
 7.57658303e-05  8.54766606e-01  7.57658303e-05  5.74382539e-01 
 7.67658303e-05  8.54766606e-01  7.67658303e-05  5.74382539e-01 
 7.77658303e-05  8.54766606e-01  7.77658303e-05  5.74382539e-01 
 7.87658303e-05  8.54766606e-01  7.87658303e-05  5.74382539e-01 
 7.97658303e-05  8.54766606e-01  7.97658303e-05  5.74382539e-01 
 8.07658303e-05  8.54766606e-01  8.07658303e-05  5.74382539e-01 
 8.17658303e-05  8.54766606e-01  8.17658303e-05  5.74382539e-01 
 8.27658303e-05  8.54766606e-01  8.27658303e-05  5.74382539e-01 
 8.37658303e-05  8.54766606e-01  8.37658303e-05  5.74382539e-01 
 8.47658303e-05  8.54766606e-01  8.47658303e-05  5.74382539e-01 
 8.57658303e-05  8.54766606e-01  8.57658303e-05  5.74382539e-01 
 8.67658303e-05  8.54766606e-01  8.67658303e-05  5.74382539e-01 
 8.77658303e-05  8.54766606e-01  8.77658303e-05  5.74382539e-01 
 8.87658303e-05  8.54766606e-01  8.87658303e-05  5.74382539e-01 
 8.97658303e-05  8.54766606e-01  8.97658303e-05  5.74382539e-01 
 9.07658303e-05  8.54766606e-01  9.07658303e-05  5.74382539e-01 
 9.17658303e-05  8.54766606e-01  9.17658303e-05  5.74382539e-01 
 9.27658303e-05  8.54766606e-01  9.27658303e-05  5.74382539e-01 
 9.37658303e-05  8.54766606e-01  9.37658303e-05  5.74382539e-01 
 9.47658303e-05  8.54766606e-01  9.47658303e-05  5.74382539e-01 
 9.57658303e-05  8.54766606e-01  9.57658303e-05  5.74382539e-01 
 9.67658303e-05  8.54766606e-01  9.67658303e-05  5.74382539e-01 
 9.77658303e-05  8.54766606e-01  9.77658303e-05  5.74382539e-01 
 9.87658303e-05  8.54766606e-01  9.87658303e-05  5.74382539e-01 
 9.97658303e-05  8.54766606e-01  9.97658303e-05  5.74382539e-01 
 1.00765830e-04  8.54766606e-01  1.00765830e-04  5.74382539e-01 
 1.01765830e-04  8.54766606e-01  1.01765830e-04  5.74382539e-01 
 1.02765830e-04  8.54766606e-01  1.02765830e-04  5.74382539e-01 
 1.03765830e-04  8.54766606e-01  1.03765830e-04  5.74382539e-01 
 1.04765830e-04  8.54766606e-01  1.04765830e-04  5.74382539e-01 
 1.05765830e-04  8.54766606e-01  1.05765830e-04  5.74382539e-01 
 1.06765830e-04  8.54766606e-01  1.06765830e-04  5.74382539e-01 
 1.07765830e-04  8.54766606e-01  1.07765830e-04  5.74382539e-01 
 1.08765830e-04  8.54766606e-01  1.08765830e-04  5.74382539e-01 
 1.09765830e-04  8.54766606e-01  1.09765830e-04  5.74382539e-01 
 1.10765830e-04  8.54766606e-01  1.10765830e-04  5.74382539e-01 
 1.11765830e-04  8.54766606e-01  1.11765830e-04  5.74382539e-01 
 1.12765830e-04  8.54766606e-01  1.12765830e-04  5.74382539e-01 
 1.13765830e-04  8.54766606e-01  1.13765830e-04  5.74382539e-01 
 1.14765830e-04  8.54766606e-01  1.14765830e-04  5.74382539e-01 
 1.15765830e-04  8.54766606e-01  1.15765830e-04  5.74382539e-01 
 1.16765830e-04  8.54766606e-01  1.16765830e-04  5.74382539e-01 
 1.17765830e-04  8.54766606e-01  1.17765830e-04  5.74382539e-01 
 1.18765830e-04  8.54766606e-01  1.18765830e-04  5.74382539e-01 
 1.19765830e-04  8.54766606e-01  1.19765830e-04  5.74382539e-01 
 1.20765830e-04  8.54766606e-01  1.20765830e-04  5.74382539e-01 
 1.21765830e-04  8.54766606e-01  1.21765830e-04  5.74382539e-01 
 1.22765830e-04  8.54766606e-01  1.22765830e-04  5.74382539e-01 
 1.23765830e-04  8.54766606e-01  1.23765830e-04  5.74382539e-01 
 1.24765830e-04  8.54766606e-01  1.24765830e-04  5.74382539e-01 
 1.25765830e-04  8.54766606e-01  1.25765830e-04  5.74382539e-01 
 1.26765830e-04  8.54766606e-01  1.26765830e-04  5.74382539e-01 
 1.27765830e-04  8.54766606e-01  1.27765830e-04  5.74382539e-01 
 1.28765830e-04  8.54766606e-01  1.28765830e-04  5.74382539e-01 
 1.29765830e-04  8.54766606e-01  1.29765830e-04  5.74382539e-01 
 1.30765830e-04  8.54766606e-01  1.30765830e-04  5.74382539e-01 
 1.31765830e-04  8.54766606e-01  1.31765830e-04  5.74382539e-01 
 1.32765830e-04  8.54766606e-01  1.32765830e-04  5.74382539e-01 
 1.33765830e-04  8.54766606e-01  1.33765830e-04  5.74382539e-01 
 1.34765830e-04  8.54766606e-01  1.34765830e-04  5.74382539e-01 
 1.35765830e-04  8.54766606e-01  1.35765830e-04  5.74382539e-01 
 1.36765830e-04  8.54766606e-01  1.36765830e-04  5.74382539e-01 
 1.37765830e-04  8.54766606e-01  1.37765830e-04  5.74382539e-01 
 1.38765830e-04  8.54766606e-01  1.38765830e-04  5.74382539e-01 
 1.39765830e-04  8.54766606e-01  1.39765830e-04  5.74382539e-01 
 1.40765830e-04  8.54766606e-01  1.40765830e-04  5.74382539e-01 
 1.41765830e-04  8.54766606e-01  1.41765830e-04  5.74382539e-01 
 1.42765830e-04  8.54766606e-01  1.42765830e-04  5.74382539e-01 
 1.43765830e-04  8.54766606e-01  1.43765830e-04  5.74382539e-01 
 1.44765830e-04  8.54766606e-01  1.44765830e-04  5.74382539e-01 
 1.45765830e-04  8.54766606e-01  1.45765830e-04  5.74382539e-01 
 1.46765830e-04  8.54766606e-01  1.46765830e-04  5.74382539e-01 
 1.47765830e-04  8.54766606e-01  1.47765830e-04  5.74382539e-01 
 1.48765830e-04  8.54766606e-01  1.48765830e-04  5.74382539e-01 
 1.49765830e-04  8.54766606e-01  1.49765830e-04  5.74382539e-01 
 1.50765830e-04  8.54766606e-01  1.50765830e-04  5.74382539e-01 
 1.51765830e-04  8.54766606e-01  1.51765830e-04  5.74382539e-01 
 1.52765830e-04  8.54766606e-01  1.52765830e-04  5.74382539e-01 
 1.53765830e-04  8.54766606e-01  1.53765830e-04  5.74382539e-01 
 1.54765830e-04  8.54766606e-01  1.54765830e-04  5.74382539e-01 
 1.55765830e-04  8.54766606e-01  1.55765830e-04  5.74382539e-01 
 1.56765830e-04  8.54766606e-01  1.56765830e-04  5.74382539e-01 
 1.57765830e-04  8.54766606e-01  1.57765830e-04  5.74382539e-01 
 1.58765830e-04  8.54766606e-01  1.58765830e-04  5.74382539e-01 
 1.59765830e-04  8.54766606e-01  1.59765830e-04  5.74382539e-01 
 1.60765830e-04  8.54766606e-01  1.60765830e-04  5.74382539e-01 
 1.61765830e-04  8.54766606e-01  1.61765830e-04  5.74382539e-01 
 1.62765830e-04  8.54766606e-01  1.62765830e-04  5.74382539e-01 
 1.63765830e-04  8.54766606e-01  1.63765830e-04  5.74382539e-01 
 1.64765830e-04  8.54766606e-01  1.64765830e-04  5.74382539e-01 
 1.65765830e-04  8.54766606e-01  1.65765830e-04  5.74382539e-01 
 1.66765830e-04  8.54766606e-01  1.66765830e-04  5.74382539e-01 
 1.67765830e-04  8.54766606e-01  1.67765830e-04  5.74382539e-01 
 1.68765830e-04  8.54766606e-01  1.68765830e-04  5.74382539e-01 
 1.69765830e-04  8.54766606e-01  1.69765830e-04  5.74382539e-01 
 1.70765830e-04  8.54766606e-01  1.70765830e-04  5.74382539e-01 
 1.71765830e-04  8.54766606e-01  1.71765830e-04  5.74382539e-01 
 1.72765830e-04  8.54766606e-01  1.72765830e-04  5.74382539e-01 
 1.73765830e-04  8.54766606e-01  1.73765830e-04  5.74382539e-01 
 1.74765830e-04  8.54766606e-01  1.74765830e-04  5.74382539e-01 
 1.75765830e-04  8.54766606e-01  1.75765830e-04  5.74382539e-01 
 1.76765830e-04  8.54766606e-01  1.76765830e-04  5.74382539e-01 
 1.77765830e-04  8.54766606e-01  1.77765830e-04  5.74382539e-01 
 1.78765830e-04  8.54766606e-01  1.78765830e-04  5.74382539e-01 
 1.79765830e-04  8.54766606e-01  1.79765830e-04  5.74382539e-01 
 1.80765830e-04  8.54766606e-01  1.80765830e-04  5.74382539e-01 
 1.81765830e-04  8.54766606e-01  1.81765830e-04  5.74382539e-01 
 1.82765830e-04  8.54766606e-01  1.82765830e-04  5.74382539e-01 
 1.83765830e-04  8.54766606e-01  1.83765830e-04  5.74382539e-01 
 1.84765830e-04  8.54766606e-01  1.84765830e-04  5.74382539e-01 
 1.85765830e-04  8.54766606e-01  1.85765830e-04  5.74382539e-01 
 1.86765830e-04  8.54766606e-01  1.86765830e-04  5.74382539e-01 
 1.87765830e-04  8.54766606e-01  1.87765830e-04  5.74382539e-01 
 1.88765830e-04  8.54766606e-01  1.88765830e-04  5.74382539e-01 
 1.89765830e-04  8.54766606e-01  1.89765830e-04  5.74382539e-01 
 1.90765830e-04  8.54766606e-01  1.90765830e-04  5.74382539e-01 
 1.91765830e-04  8.54766606e-01  1.91765830e-04  5.74382539e-01 
 1.92765830e-04  8.54766606e-01  1.92765830e-04  5.74382539e-01 
 1.93765830e-04  8.54766606e-01  1.93765830e-04  5.74382539e-01 
 1.94765830e-04  8.54766606e-01  1.94765830e-04  5.74382539e-01 
 1.95765830e-04  8.54766606e-01  1.95765830e-04  5.74382539e-01 
 1.96765830e-04  8.54766606e-01  1.96765830e-04  5.74382539e-01 
 1.97765830e-04  8.54766606e-01  1.97765830e-04  5.74382539e-01 
 1.98765830e-04  8.54766606e-01  1.98765830e-04  5.74382539e-01 
 1.99765830e-04  8.54766606e-01  1.99765830e-04  5.74382539e-01 
 2.00765830e-04  8.54766606e-01  2.00765830e-04  5.74382539e-01 
 2.01000001e-04  8.54766606e-01  2.01000001e-04  5.74382539e-01 
 2.01000001e-04  8.54766606e-01  2.01000001e-04  5.74382539e-01 
 2.01000001e-04  8.54766606e-01  2.01000001e-04  5.74382539e-01 
 2.01000002e-04  8.54766606e-01  2.01000002e-04  5.74382539e-01 
 2.01000002e-04  8.54766606e-01  2.01000002e-04  5.74382539e-01 
 2.01000002e-04  8.54766606e-01  2.01000002e-04  5.74382539e-01 
 2.01000002e-04  8.54766606e-01  2.01000002e-04  5.74382539e-01 
 2.01000003e-04  8.54766606e-01  2.01000003e-04  5.74382539e-01 
 2.01000003e-04  8.54766606e-01  2.01000003e-04  5.74382539e-01 
 2.01000004e-04  8.54766606e-01  2.01000004e-04  5.74382539e-01 
 2.01000007e-04  8.54766606e-01  2.01000007e-04  5.74382539e-01 
 2.01000012e-04  8.54766606e-01  2.01000012e-04  5.74382539e-01 
 2.01000022e-04  8.54766606e-01  2.01000022e-04  5.74382539e-01 
 2.01000043e-04  8.54766606e-01  2.01000043e-04  5.74382539e-01 
 2.01000084e-04  8.54766606e-01  2.01000084e-04  5.74382539e-01 
 2.01000166e-04  8.54766606e-01  2.01000166e-04  5.74382539e-01 
 2.01000330e-04  8.54766606e-01  2.01000330e-04  5.74382539e-01 
 2.01000657e-04  8.54766606e-01  2.01000657e-04  5.74382539e-01 
 2.01001313e-04  8.54766606e-01  2.01001313e-04  5.74382539e-01 
 2.01002623e-04  8.54766606e-01  2.01002623e-04  5.74382539e-01 
 2.01005245e-04  8.54766606e-01  2.01005245e-04  5.74382539e-01 
 2.01010488e-04  8.54766606e-01  2.01010488e-04  5.74382539e-01 
 2.01020973e-04  8.54766606e-01  2.01020973e-04  5.74382539e-01 
 2.01035928e-04  8.54766606e-01  2.01035928e-04  5.74382539e-01 
 2.01065838e-04  8.54766606e-01  2.01065838e-04  5.74382539e-01 
 2.01123707e-04  8.54766606e-01  2.01123707e-04  5.74382539e-01 
 2.01238102e-04  8.54766606e-01  2.01238102e-04  5.74382539e-01 
 2.01466892e-04  8.54766606e-01  2.01466892e-04  5.74382539e-01 
 2.01924471e-04  8.54766606e-01  2.01924471e-04  5.74382539e-01 
 2.02038866e-04  8.54766606e-01  2.02038866e-04  5.74382539e-01 
 2.02267656e-04  8.54766606e-01  2.02267656e-04  5.74382539e-01 
 2.02725235e-04  8.54766606e-01  2.02725235e-04  5.74382539e-01 
 2.03191967e-04  8.54766606e-01  2.03191967e-04  5.74382539e-01 
 2.04125431e-04  8.54766606e-01  2.04125431e-04  5.74382539e-01 
 2.05125431e-04  8.54766606e-01  2.05125431e-04  5.74382539e-01 
 2.06125431e-04  8.54766606e-01  2.06125431e-04  5.74382539e-01 
 2.07125431e-04  8.54766606e-01  2.07125431e-04  5.74382539e-01 
 2.08125431e-04  8.54766606e-01  2.08125431e-04  5.74382539e-01 
 2.09125431e-04  8.54766606e-01  2.09125431e-04  5.74382539e-01 
 2.10125431e-04  8.54766606e-01  2.10125431e-04  5.74382539e-01 
 2.11125431e-04  8.54766606e-01  2.11125431e-04  5.74382539e-01 
 2.12125431e-04  8.54766606e-01  2.12125431e-04  5.74382539e-01 
 2.13125431e-04  8.54766606e-01  2.13125431e-04  5.74382539e-01 
 2.14125431e-04  8.54766606e-01  2.14125431e-04  5.74382539e-01 
 2.15125431e-04  8.54766606e-01  2.15125431e-04  5.74382539e-01 
 2.16125431e-04  8.54766606e-01  2.16125431e-04  5.74382539e-01 
 2.17125431e-04  8.54766606e-01  2.17125431e-04  5.74382539e-01 
 2.18125431e-04  8.54766606e-01  2.18125431e-04  5.74382539e-01 
 2.19125431e-04  8.54766606e-01  2.19125431e-04  5.74382539e-01 
 2.20125431e-04  8.54766606e-01  2.20125431e-04  5.74382539e-01 
 2.21125431e-04  8.54766606e-01  2.21125431e-04  5.74382539e-01 
 2.22125431e-04  8.54766606e-01  2.22125431e-04  5.74382539e-01 
 2.23125431e-04  8.54766606e-01  2.23125431e-04  5.74382539e-01 
 2.24125431e-04  8.54766606e-01  2.24125431e-04  5.74382539e-01 
 2.25125431e-04  8.54766606e-01  2.25125431e-04  5.74382539e-01 
 2.26125431e-04  8.54766606e-01  2.26125431e-04  5.74382539e-01 
 2.27125431e-04  8.54766606e-01  2.27125431e-04  5.74382539e-01 
 2.28125431e-04  8.54766606e-01  2.28125431e-04  5.74382539e-01 
 2.29125431e-04  8.54766606e-01  2.29125431e-04  5.74382539e-01 
 2.30125431e-04  8.54766606e-01  2.30125431e-04  5.74382539e-01 
 2.31125431e-04  8.54766606e-01  2.31125431e-04  5.74382539e-01 
 2.32125431e-04  8.54766606e-01  2.32125431e-04  5.74382539e-01 
 2.33125431e-04  8.54766606e-01  2.33125431e-04  5.74382539e-01 
 2.34125431e-04  8.54766606e-01  2.34125431e-04  5.74382539e-01 
 2.35125431e-04  8.54766606e-01  2.35125431e-04  5.74382539e-01 
 2.36125431e-04  8.54766606e-01  2.36125431e-04  5.74382539e-01 
 2.37125431e-04  8.54766606e-01  2.37125431e-04  5.74382539e-01 
 2.38125431e-04  8.54766606e-01  2.38125431e-04  5.74382539e-01 
 2.39125431e-04  8.54766606e-01  2.39125431e-04  5.74382539e-01 
 2.40125431e-04  8.54766606e-01  2.40125431e-04  5.74382539e-01 
 2.41125431e-04  8.54766606e-01  2.41125431e-04  5.74382539e-01 
 2.42125431e-04  8.54766606e-01  2.42125431e-04  5.74382539e-01 
 2.43125431e-04  8.54766606e-01  2.43125431e-04  5.74382539e-01 
 2.44125431e-04  8.54766606e-01  2.44125431e-04  5.74382539e-01 
 2.45125431e-04  8.54766606e-01  2.45125431e-04  5.74382539e-01 
 2.46125431e-04  8.54766606e-01  2.46125431e-04  5.74382539e-01 
 2.47125431e-04  8.54766606e-01  2.47125431e-04  5.74382539e-01 
 2.48125431e-04  8.54766606e-01  2.48125431e-04  5.74382539e-01 
 2.49125431e-04  8.54766606e-01  2.49125431e-04  5.74382539e-01 
 2.50125431e-04  8.54766606e-01  2.50125431e-04  5.74382539e-01 
 2.51125431e-04  8.54766606e-01  2.51125431e-04  5.74382539e-01 
 2.52125431e-04  8.54766606e-01  2.52125431e-04  5.74382539e-01 
 2.53125431e-04  8.54766606e-01  2.53125431e-04  5.74382539e-01 
 2.54125431e-04  8.54766606e-01  2.54125431e-04  5.74382539e-01 
 2.55125431e-04  8.54766606e-01  2.55125431e-04  5.74382539e-01 
 2.56125431e-04  8.54766606e-01  2.56125431e-04  5.74382539e-01 
 2.57125431e-04  8.54766606e-01  2.57125431e-04  5.74382539e-01 
 2.58125431e-04  8.54766606e-01  2.58125431e-04  5.74382539e-01 
 2.59125431e-04  8.54766606e-01  2.59125431e-04  5.74382539e-01 
 2.60125431e-04  8.54766606e-01  2.60125431e-04  5.74382539e-01 
 2.61125431e-04  8.54766606e-01  2.61125431e-04  5.74382539e-01 
 2.62125431e-04  8.54766606e-01  2.62125431e-04  5.74382539e-01 
 2.63125431e-04  8.54766606e-01  2.63125431e-04  5.74382539e-01 
 2.64125431e-04  8.54766606e-01  2.64125431e-04  5.74382539e-01 
 2.65125431e-04  8.54766606e-01  2.65125431e-04  5.74382539e-01 
 2.66125431e-04  8.54766606e-01  2.66125431e-04  5.74382539e-01 
 2.67125431e-04  8.54766606e-01  2.67125431e-04  5.74382539e-01 
 2.68125431e-04  8.54766606e-01  2.68125431e-04  5.74382539e-01 
 2.69125431e-04  8.54766606e-01  2.69125431e-04  5.74382539e-01 
 2.70125431e-04  8.54766606e-01  2.70125431e-04  5.74382539e-01 
 2.71125431e-04  8.54766606e-01  2.71125431e-04  5.74382539e-01 
 2.72125431e-04  8.54766606e-01  2.72125431e-04  5.74382539e-01 
 2.73125431e-04  8.54766606e-01  2.73125431e-04  5.74382539e-01 
 2.74125431e-04  8.54766606e-01  2.74125431e-04  5.74382539e-01 
 2.75125431e-04  8.54766606e-01  2.75125431e-04  5.74382539e-01 
 2.76125431e-04  8.54766606e-01  2.76125431e-04  5.74382539e-01 
 2.77125431e-04  8.54766606e-01  2.77125431e-04  5.74382539e-01 
 2.78125431e-04  8.54766606e-01  2.78125431e-04  5.74382539e-01 
 2.79125431e-04  8.54766606e-01  2.79125431e-04  5.74382539e-01 
 2.80125431e-04  8.54766606e-01  2.80125431e-04  5.74382539e-01 
 2.81125431e-04  8.54766606e-01  2.81125431e-04  5.74382539e-01 
 2.82125431e-04  8.54766606e-01  2.82125431e-04  5.74382539e-01 
 2.83125431e-04  8.54766606e-01  2.83125431e-04  5.74382539e-01 
 2.84125431e-04  8.54766606e-01  2.84125431e-04  5.74382539e-01 
 2.85125431e-04  8.54766606e-01  2.85125431e-04  5.74382539e-01 
 2.86125431e-04  8.54766606e-01  2.86125431e-04  5.74382539e-01 
 2.87125431e-04  8.54766606e-01  2.87125431e-04  5.74382539e-01 
 2.88125431e-04  8.54766606e-01  2.88125431e-04  5.74382539e-01 
 2.89125431e-04  8.54766606e-01  2.89125431e-04  5.74382539e-01 
 2.90125431e-04  8.54766606e-01  2.90125431e-04  5.74382539e-01 
 2.91125431e-04  8.54766606e-01  2.91125431e-04  5.74382539e-01 
 2.92125431e-04  8.54766606e-01  2.92125431e-04  5.74382539e-01 
 2.93125431e-04  8.54766606e-01  2.93125431e-04  5.74382539e-01 
 2.94125431e-04  8.54766606e-01  2.94125431e-04  5.74382539e-01 
 2.95125431e-04  8.54766606e-01  2.95125431e-04  5.74382539e-01 
 2.96125431e-04  8.54766606e-01  2.96125431e-04  5.74382539e-01 
 2.97125431e-04  8.54766606e-01  2.97125431e-04  5.74382539e-01 
 2.98125431e-04  8.54766606e-01  2.98125431e-04  5.74382539e-01 
 2.99125431e-04  8.54766606e-01  2.99125431e-04  5.74382539e-01 
 3.00125431e-04  8.54766606e-01  3.00125431e-04  5.74382539e-01 
 3.01125431e-04  8.54766606e-01  3.01125431e-04  5.74382539e-01 
 3.02125431e-04  8.54766606e-01  3.02125431e-04  5.74382539e-01 
 3.03125431e-04  8.54766606e-01  3.03125431e-04  5.74382539e-01 
 3.04125431e-04  8.54766606e-01  3.04125431e-04  5.74382539e-01 
 3.05125431e-04  8.54766606e-01  3.05125431e-04  5.74382539e-01 
 3.06125431e-04  8.54766606e-01  3.06125431e-04  5.74382539e-01 
 3.07125431e-04  8.54766606e-01  3.07125431e-04  5.74382539e-01 
 3.08125431e-04  8.54766606e-01  3.08125431e-04  5.74382539e-01 
 3.09125431e-04  8.54766606e-01  3.09125431e-04  5.74382539e-01 
 3.10125431e-04  8.54766606e-01  3.10125431e-04  5.74382539e-01 
 3.11125431e-04  8.54766606e-01  3.11125431e-04  5.74382539e-01 
 3.12125431e-04  8.54766606e-01  3.12125431e-04  5.74382539e-01 
 3.13125431e-04  8.54766606e-01  3.13125431e-04  5.74382539e-01 
 3.14125431e-04  8.54766606e-01  3.14125431e-04  5.74382539e-01 
 3.15125431e-04  8.54766606e-01  3.15125431e-04  5.74382539e-01 
 3.16125431e-04  8.54766606e-01  3.16125431e-04  5.74382539e-01 
 3.17125431e-04  8.54766606e-01  3.17125431e-04  5.74382539e-01 
 3.18125431e-04  8.54766606e-01  3.18125431e-04  5.74382539e-01 
 3.19125431e-04  8.54766606e-01  3.19125431e-04  5.74382539e-01 
 3.20125431e-04  8.54766606e-01  3.20125431e-04  5.74382539e-01 
 3.21125431e-04  8.54766606e-01  3.21125431e-04  5.74382539e-01 
 3.22125431e-04  8.54766606e-01  3.22125431e-04  5.74382539e-01 
 3.23125431e-04  8.54766606e-01  3.23125431e-04  5.74382539e-01 
 3.24125431e-04  8.54766606e-01  3.24125431e-04  5.74382539e-01 
 3.25125431e-04  8.54766606e-01  3.25125431e-04  5.74382539e-01 
 3.26125431e-04  8.54766606e-01  3.26125431e-04  5.74382539e-01 
 3.27125431e-04  8.54766606e-01  3.27125431e-04  5.74382539e-01 
 3.28125431e-04  8.54766606e-01  3.28125431e-04  5.74382539e-01 
 3.29125431e-04  8.54766606e-01  3.29125431e-04  5.74382539e-01 
 3.30125431e-04  8.54766606e-01  3.30125431e-04  5.74382539e-01 
 3.31125431e-04  8.54766606e-01  3.31125431e-04  5.74382539e-01 
 3.32125431e-04  8.54766606e-01  3.32125431e-04  5.74382539e-01 
 3.33125431e-04  8.54766606e-01  3.33125431e-04  5.74382539e-01 
 3.34125431e-04  8.54766606e-01  3.34125431e-04  5.74382539e-01 
 3.35125431e-04  8.54766606e-01  3.35125431e-04  5.74382539e-01 
 3.36125431e-04  8.54766606e-01  3.36125431e-04  5.74382539e-01 
 3.37125431e-04  8.54766606e-01  3.37125431e-04  5.74382539e-01 
 3.38125431e-04  8.54766606e-01  3.38125431e-04  5.74382539e-01 
 3.39125431e-04  8.54766606e-01  3.39125431e-04  5.74382539e-01 
 3.40125431e-04  8.54766606e-01  3.40125431e-04  5.74382539e-01 
 3.41125431e-04  8.54766606e-01  3.41125431e-04  5.74382539e-01 
 3.42125431e-04  8.54766606e-01  3.42125431e-04  5.74382539e-01 
 3.43125431e-04  8.54766606e-01  3.43125431e-04  5.74382539e-01 
 3.44125431e-04  8.54766606e-01  3.44125431e-04  5.74382539e-01 
 3.45125431e-04  8.54766606e-01  3.45125431e-04  5.74382539e-01 
 3.46125431e-04  8.54766606e-01  3.46125431e-04  5.74382539e-01 
 3.47125431e-04  8.54766606e-01  3.47125431e-04  5.74382539e-01 
 3.48125431e-04  8.54766606e-01  3.48125431e-04  5.74382539e-01 
 3.49125431e-04  8.54766606e-01  3.49125431e-04  5.74382539e-01 
 3.50125431e-04  8.54766606e-01  3.50125431e-04  5.74382539e-01 
 3.51125431e-04  8.54766606e-01  3.51125431e-04  5.74382539e-01 
 3.52125431e-04  8.54766606e-01  3.52125431e-04  5.74382539e-01 
 3.53125431e-04  8.54766606e-01  3.53125431e-04  5.74382539e-01 
 3.54125431e-04  8.54766606e-01  3.54125431e-04  5.74382539e-01 
 3.55125431e-04  8.54766606e-01  3.55125431e-04  5.74382539e-01 
 3.56125431e-04  8.54766606e-01  3.56125431e-04  5.74382539e-01 
 3.57125431e-04  8.54766606e-01  3.57125431e-04  5.74382539e-01 
 3.58125431e-04  8.54766606e-01  3.58125431e-04  5.74382539e-01 
 3.59125431e-04  8.54766606e-01  3.59125431e-04  5.74382539e-01 
 3.60125431e-04  8.54766606e-01  3.60125431e-04  5.74382539e-01 
 3.61125431e-04  8.54766606e-01  3.61125431e-04  5.74382539e-01 
 3.62125431e-04  8.54766606e-01  3.62125431e-04  5.74382539e-01 
 3.63125431e-04  8.54766606e-01  3.63125431e-04  5.74382539e-01 
 3.64125431e-04  8.54766606e-01  3.64125431e-04  5.74382539e-01 
 3.65125431e-04  8.54766606e-01  3.65125431e-04  5.74382539e-01 
 3.66125431e-04  8.54766606e-01  3.66125431e-04  5.74382539e-01 
 3.67125431e-04  8.54766606e-01  3.67125431e-04  5.74382539e-01 
 3.68125431e-04  8.54766606e-01  3.68125431e-04  5.74382539e-01 
 3.69125431e-04  8.54766606e-01  3.69125431e-04  5.74382539e-01 
 3.70125431e-04  8.54766606e-01  3.70125431e-04  5.74382539e-01 
 3.71125431e-04  8.54766606e-01  3.71125431e-04  5.74382539e-01 
 3.72125431e-04  8.54766606e-01  3.72125431e-04  5.74382539e-01 
 3.73125431e-04  8.54766606e-01  3.73125431e-04  5.74382539e-01 
 3.74125431e-04  8.54766606e-01  3.74125431e-04  5.74382539e-01 
 3.75125431e-04  8.54766606e-01  3.75125431e-04  5.74382539e-01 
 3.76125431e-04  8.54766606e-01  3.76125431e-04  5.74382539e-01 
 3.77125431e-04  8.54766606e-01  3.77125431e-04  5.74382539e-01 
 3.78125431e-04  8.54766606e-01  3.78125431e-04  5.74382539e-01 
 3.79125431e-04  8.54766606e-01  3.79125431e-04  5.74382539e-01 
 3.80125431e-04  8.54766606e-01  3.80125431e-04  5.74382539e-01 
 3.81125431e-04  8.54766606e-01  3.81125431e-04  5.74382539e-01 
 3.82125431e-04  8.54766606e-01  3.82125431e-04  5.74382539e-01 
 3.83125431e-04  8.54766606e-01  3.83125431e-04  5.74382539e-01 
 3.84125431e-04  8.54766606e-01  3.84125431e-04  5.74382539e-01 
 3.85125431e-04  8.54766606e-01  3.85125431e-04  5.74382539e-01 
 3.86125431e-04  8.54766606e-01  3.86125431e-04  5.74382539e-01 
 3.87125431e-04  8.54766606e-01  3.87125431e-04  5.74382539e-01 
 3.88125431e-04  8.54766606e-01  3.88125431e-04  5.74382539e-01 
 3.89125431e-04  8.54766606e-01  3.89125431e-04  5.74382539e-01 
 3.90125431e-04  8.54766606e-01  3.90125431e-04  5.74382539e-01 
 3.91125431e-04  8.54766606e-01  3.91125431e-04  5.74382539e-01 
 3.92125431e-04  8.54766606e-01  3.92125431e-04  5.74382539e-01 
 3.93125431e-04  8.54766606e-01  3.93125431e-04  5.74382539e-01 
 3.94125431e-04  8.54766606e-01  3.94125431e-04  5.74382539e-01 
 3.95125431e-04  8.54766606e-01  3.95125431e-04  5.74382539e-01 
 3.96125431e-04  8.54766606e-01  3.96125431e-04  5.74382539e-01 
 3.97125431e-04  8.54766606e-01  3.97125431e-04  5.74382539e-01 
 3.98125431e-04  8.54766606e-01  3.98125431e-04  5.74382539e-01 
 3.99125431e-04  8.54766606e-01  3.99125431e-04  5.74382539e-01 
 4.00125431e-04  8.54766606e-01  4.00125431e-04  5.74382539e-01 
 4.01000000e-04  8.54766606e-01  4.01000000e-04  5.74382539e-01 
